tmin,tmax
0.560813,0.610813
0.634599,0.684599
0.700651,0.750651
0.841320,0.891320
0.905731,0.955731
0.995099,1.045099
1.450720,1.500720
1.512625,1.562625
1.574162,1.624162
1.704862,1.754862
1.897919,1.991273
2.148245,2.225356
2.250869,2.300869
2.431159,2.503483
2.627750,2.677750
2.782458,2.832458
3.002323,3.052890
3.505737,3.568094
3.616551,3.666551
3.667557,3.717557
3.782372,3.832372
3.897608,3.947608
4.077106,4.127106
4.232731,4.319893
4.329311,4.379311
4.417352,4.467352
4.493932,4.543932
4.806059,4.864204
4.871773,4.921773
5.107736,5.157736
5.185932,5.235932
5.974902,6.024902
6.042124,6.092124
6.303192,6.353192
6.418818,6.468818
6.544613,6.594613
6.776261,6.859803
7.980208,8.068939
8.170460,8.220460
8.380861,8.430861
8.595909,8.645909
9.261160,9.311160
9.388296,9.438296
9.459848,9.509848
9.545616,9.595616
9.640849,9.690849
9.700265,9.750265
9.768992,9.818992
9.881297,9.931297
10.226065,10.276065
10.298878,10.348878
10.700597,10.750597
10.871486,10.921486
10.951113,11.001113
11.193927,11.243927
11.336642,11.386642
11.524557,11.575368
12.226915,12.318637
12.477504,12.527504
12.978770,13.042582
13.116581,13.166581
14.177972,14.227972
14.385694,14.439628
14.596115,14.669395
14.863583,14.925142
15.088843,15.158083
15.216251,15.266251
15.286655,15.336655
15.341364,15.391364
15.509376,15.561245
15.625114,15.675114
15.776839,15.865027
15.902702,15.952702
16.284235,16.347468
17.109731,17.191227
17.413982,17.517513
17.632608,17.682608
17.784195,17.850199
18.183631,18.233631
18.276346,18.326346
18.503452,18.553452
18.593124,18.643124
18.717774,18.767774
19.206845,19.256845
19.374501,19.432252
19.439664,19.489664
19.648416,19.698416
19.760253,19.810253
19.864957,19.914957
20.101778,20.153173
20.261531,20.311531
20.459026,20.527583
20.566387,20.616387
20.689958,20.739958
22.283567,22.357696
23.044617,23.095085
23.229048,23.279048
23.335046,23.385046
23.603008,23.653008
23.704564,23.754564
24.097474,24.164134
24.836968,24.886968
27.078359,27.157960
27.235818,27.288250
27.389171,27.439171
27.520954,27.570954
27.718905,27.797707
27.878996,27.928996
28.015125,28.065125
28.127028,28.177028
28.187339,28.237339
28.890212,28.951197
28.997063,29.047063
29.491552,29.550677
31.006228,31.069366
31.234365,31.295945
31.379810,31.429810
31.523136,31.573136
31.618249,31.668249
31.687193,31.737193
31.803108,31.853108
32.350434,32.400434
32.550749,32.646827
32.870425,32.938730
32.966284,33.016284
33.118763,33.168763
33.552315,33.638484
33.722769,33.772769
34.329835,34.379835
34.478730,34.528730
34.856347,34.934424
35.130805,35.207249
35.553707,35.621657
35.653566,35.703566
35.767766,35.826589
35.887438,35.937438
36.146941,36.196941
36.197685,36.247685
36.386865,36.445922
36.578936,36.633856
36.672345,36.722345
37.477218,37.527218
37.561260,37.611260
37.626963,37.676963
37.884717,37.936640
37.952451,38.002451
38.024816,38.074816
38.113209,38.163209
38.393573,38.443573
38.463600,38.513600
38.807263,38.857263
39.033875,39.096682
39.205709,39.255709
39.310379,39.360379
39.555025,39.617976
39.782907,39.832907
39.862671,39.912671
39.969667,40.025331
40.157754,40.213202
40.227727,40.277727
40.368721,40.418721
40.499855,40.564550
40.642765,40.692765
41.110714,41.164033
41.524874,41.574874
41.648596,41.698596
42.292875,42.383265
42.552074,42.602074
42.733057,42.783057
42.807532,42.857532
42.950020,43.000020
43.119169,43.169169
43.310235,43.394727
43.557646,43.607646
43.965614,44.015614
